请在下一行的开头分别输入准则层（先）和方案层（后）的规模（使用空格隔开）：
5 3
-----------------------------------------------------------------------
请在下面输入准则层矩阵
1 0.5 4 3 3
2 1 8 6 6
0.25 0.125 1 0.875 0.875
0.333 0.167 1.333 1 1
0.333 0.167 1.333 1 1
-----------------------------------------------------------------------
请在下面输入各个方案层的矩阵（注意顺序）
1 2 4
0.5 1 2
0.25 0.5 1
1 0.333 0.125
3 1 0.333
8 3 1
1 1 3
1 1 3
0.333 0.333 1
1 3 4
0.333 1 1
0.25 1 1
1 1 0.25
1 1 0.25
4 4 1
-----------------------------------------------------------------------